0200	111d806e	28	               0	               0	               0	               0	               0	               0	               0	               0	               0	               0	               0	               0	               0	               0	pcieport
0310	111d806e	29	               0	               0	               0	               0	               0	               0	               0	               0	               0	               0	               0	               0	               0	               0	pcieport
0318	111d806e	2a	               0	               0	               0	               0	               0	               0	               0	               0	               0	               0	               0	               0	               0	               0	pcieport
0320    111d806e        2a                     0                       0                       0                       0                       0                       0                       0                       0                       0                       0                       0                       0                       0                       0        pcieport
0328    111d806e        2a                     0                       0                       0                       0                       0                       0                       0                       0                       0                       0                       0                       0                       0                       0        pcieport
0400	11ab7042	10	        fe9ffc04	               0	        fe9f8004	               0	            cc01	               0	        fe900000	              80	               0	            4000	               0	              80	               0	           80000	sata_mv
0500    11ab7042        10              fe9ffc04                       0                fe9f8004                       0                    cc01                       0                fe900000                      80                       0                    4000                       0                      80                       0                   80000        sata_mv
0600    11ab7042        10              fe9ffc04                       0                fe9f8004                       0                    cc01                       0                fe900000                      80                       0                    4000                       0                      80                       0                   80000        sata_mv
0700    11ab7042        10              fe9ffc04                       0                fe9f8004                       0                    cc01                       0                fe900000                      80                       0                    4000                       0                      80                       0                   80000        sata_mv
0800    11ab7042        10              fe9ffc04                       0                fe9f8004                       0                    cc01                       0                fe900000                      80                       0                    4000                       0                      80                       0                   80000        sata_mv
0a00	808610d3	2c	        feae0000	               0	            dc01	        feadc000	               0	               0	               0	           20000	               0	              20	            4000	               0	               0	               0	e1000e
0b00	808610d3	2d	        febe0000	               0	            ec01	        febdc000	               0	               0	               0	           20000	               0	              20	            4000	               0	               0	               0	e1000e
0c00    808610d3        2e              febe0000                       0                    ec01                febdc000                       0                       0                       0                   20000                       0                      20                    4000                       0                       0                       0        e1000e
0d00    808610d3        2f              febe0000                       0                    ec01                febdc000                       0                       0                       0                   20000                       0                      20                    4000                       0                       0                       0        e1000e
